1 3 3 3 4 5 5 9 10 11 12 14 15 16 17 17 18 18 18 19 19 20 20 25 26 26 28 29 30 30 31 35 36 37 38 38 40 40 41 41 41 42 42 43 44 46 47 50 51 52 52 53 53 54 54 55 56 56 57 58 60 61 61 62 63 63 63 63 65 68 69 70 73 73 73 75 76 77 78 79 79 80 81 82 84 84 86 88 88 89 91 91 92 93 94 95 96 96 97 98

97 95 93 91 88 82 78 76 73 69 65 62 61 58 56 54 53 52 47 44 42 41 40 38 36 31 30 28 25 20 19 18 17 9 4 3
98 94 88 81 77 70 63 57 52 43 40 30 20 17 12 5 3
96 89 84 79 73 63 60 54 51 46 41 35 26 18 14 5
96 91 79 63 55 50 38 19 11
86 75 63 42 37 18 10
92 80 56 41 16
73 29 15
84 61 26
68 3
1
53